# hip_id
50
55
56
110
114
169
178
184
201
223
229
252
261
267
303
313
316
365
374
385
391
392
398
404
412
473
482
495
497
518
519
529
553
601
618
636
645
656
674
702
724
760
761
772
781
794
795
813
817
831
848
853
881
883
911
913
924
931
945
957
965
986
1009
1012
1049
1055
1072
1082
1095
1098
1103
1152
1167
1177
1178
1189
1216
1221
1231
1244
1248
1265
1278
1286
1296
1302
1329
1333
1358
1392
1394
1397
1420
1451
1478
1488
1501
1503
1516
1543
1544
1610
1642
1651
1669
1670
1674
1700
1705
1723
1732
1740
1747
1805
1818
1838
1847
1872
1893
1900
1913
1997
2002
2005
2010
2018
2033
2048
2070
2074
2097
2115
2207
2228
2232
2246
2248
2252
2258
2280
2287
2294
2306
2308
2309
2327
2328
2346
2414
2424
2429
2440
2444
2449
2460
2483
2491
2509
2530
2532
2533
2543
2575
2583
2587
2635
2642
2646
2663
2716
2749
2758
2769
2782
2844
2856
2881
2905
2959
2990
3030
3096
3103
3109
3138
3149
3200
3203
3205
3226
3290
3315
3326
3348
3356
3373
3377
3379
3382
3398
3425
3454
3460
3473
3489
3511
3544
3558
3576
3588
3589
3602
3636
3648
3674
3677
3689
3691
3692
3716
3723
3736
3745
3751
3755
3779
3802
3825
3827
3832
3864
3868
3880
3885
3920
3926
4019
4025
4035
4044
4060
4065
4066
4072
4096
4116
4121
4136
4138
4141
4142
4149
4164
4165
4173
4186
4208
4212
4253
4256
4258
4278
4288
4299
4302
4303
4331
4356
4359
4368
4393
4404
4441
4483
4493
4496
4540
4542
4554
4572
4580
4625
4635
4641
4645
4667
4675
4689
4711
4728
4764
4766
4775
4781
4786
4823
4834
4848
4855
4886
4888
4902
4911
4934
4942
4962
4971
4974
4976
4978
4985
4997
5036
5042
5050
5052
5093
5110
5115
5126
5154
5194
5203
5210
5220
5241
5244
5245
5248
5252
5253
5269
5303
5334
5348
5385
5405
5413
5437
5450
5463
5467
5468
5471
5482
5512
5515
5569
5583
5588
5598
5604
5606
5616
5630
5633
5644
5656
5659
5661
5688
5706
5727
5736
5742
5842
5844
5852
5872
5874
5877
5896
5904
5929
5933
5949
5992
5996
6003
6009
6062
6076
6080
6136
6140
6156
6167
6182
6190
6226
6234
6238
6240
6247
6268
6271
6295
6297
6343
6346
6362
6367
6375
6397
6427
6431
6445
6507
6515
6544
6586
6614
6624
6634
6653
6668
6683
6684
6693
6694
6695
6703
6704
6707
6730
6751
6771
6795
6822
6836
6864
6870
6892
6905
6922
6941
6992
6995
7011
7016
7019
7021
7024
7067
7072
7111
7137
7158
7201
7274
7281
7299
7313
7314
7327
7337
7351
7375
7385
7406
7413
7425
7456
7463
7491
7495
7540
7558
7560
7600
7619
7667
7670
7682
7684
7704
7717
7730
7735
7736
7754
7773
7806
7807
7820
7841
7853
7860
7877
7927
7968
7980
8008
8012
8024
8054
8072
8078
8110
8129
8143
8149
8151
8159
8166
8169
8209
8213
8224
8236
8274
8280
8283
8295
8299
8353
8377
8379
8440
8442
8447
8468
8469
8475
8486
8520
8534
8544
8552
8579
8629
8631
8661
8687
8705
8708
8723
8729
8742
8805
8810
8821
8832
8938
8957
8958
8962
8965
8975
9002
9012
9037
9066
9071
9102
9114
9165
9191
9197
9207
9209
9230
9258
9283
9321
9344
9383
9411
9413
9416
9462
9474
9490
9494
9512
9570
9583
9586
9602
9651
9653
9662
9687
9694
9719
9720
9728
9729
9731
9733
9741
9753
9781
9814
9841
9845
9853
9888
9912
9916
9935
9961
10023
10026
10032
10088
10090
10101
10128
10144
10160
10164
10175
10178
10191
10226
10256
10260
10272
10280
10282
10284
10299
10338
10400
10403
10453
10477
10498
10542
10573
10579
10636
10638
10650
10667
10674
10677
10683
10692
10704
10711
10722
10735
10765
10774
10814
10828
10864
10896
10905
10952
10959
10966
10975
10979
10985
10992
10999
11034
11045
11086
11102
11103
11120
11131
11136
11211
11217
11219
11236
11243
11248
11251
11257
11291
11351
11371
11405
11458
11469
11485
11490
11533
11569
11572
11573
11593
11599
11602
11656
11660
11662
11683
11708
11715
11720
11730
11744
11755
11756
11781
11793
11808
11830
11870
11945
12020
12026
12077
12083
12090
12139
12204
12243
12265
12266
12287
12291
12326
12328
12330
12332
12341
12349
12359
12397
12401
12417
12446
12452
12454
12495
12512
12518
12530
12540
12550
12593
12608
12612
12619
12631
12644
12677
12690
12701
12708
12725
12739
12744
12752
12764
12775
12808
12812
12885
12894
12916
12936
12940
12948
12973
12975
12983
12984
13001
13002
13014
13025
13027
13029
13032
13048
13053
13080
13097
13112
13115
13117
13133
13165
13168
13175
13180
13199
13206
13208
13210
13216
13225
13243
13261
13269
13273
13296
13321
13330
13354
13399
13408
13424
13425
13444
13462
13467
13512
13532
13541
13587
13588
13610
13642
13656
13677
13715
13718
13752
13759
13766
13773
13815
13831
13836
13847
13866
13867
13874
13923
13936
13945
14008
14021
14032
14069
14081
14109
14128
14194
14200
14204
14221
14227
14230
14237
14248
14279
14311
14334
14376
14386
14388
14410
14413
14472
14479
14504
14538
14560
14573
14584
14615
14626
14629
14631
14636
14715
14780
14784
14804
14823
14855
14868
14871
14879
14886
14913
14944
14960
14969
15018
15036
15053
15058
15075
15120
15124
15150
15176
15190
15193
15194
15204
15253
15280
15282
15293
15304
15325
15328
15353
15356
15368
15407
15410
15411
15418
15428
15430
15455
15459
15463
15480
15482
15486
15511
15550
15552
15566
15570
15580
15599
15602
15617
15623
15625
15665
15703
15727
15748
15869
15876
15877
15881
15883
15884
15895
15960
15992
15996
16013
16045
16055
16109
16124
16140
16143
16151
16156
16172
16196
16208
16212
16235
16271
16284
16291
16296
16303
16307
16347
16358
16363
16376
16401
16407
16419
16468
16523
16540
16547
16554
16560
16563
16565
16578
16597
16630
16649
16664
16672
16706
16712
16713
16715
16725
16729
16744
16747
16757
16761
16793
16795
16823
16848
16853
16915
16931
16940
16941
16963
16983
17029
17083
17099
17129
17133
17148
17160
17168
17173
17213
17228
17230
17251
17260
17261
17275
17277
17288
17308
17321
17328
17347
17351
17397
17436
17464
17465
17467
17477
17512
17533
17541
17557
17572
17580
17612
17646
17666
17684
17690
17724
17735
17744
17750
17757
17793
17797
17818
17836
17837
17845
17873
17877
17880
17885
17923
17940
17950
17986
18031
18035
18076
18089
18095
18115
18133
18135
18147
18171
18219
18247
18255
18272
18297
18311
18316
18345
18354
18372
18392
18397
18402
18408
18413
18426
18429
18452
18460
18469
18499
18515
18532
18558
18572
18616
18617
18644
18657
18676
18741
18743
18748
18756
18794
18818
18824
18840
18845
18846
18883
18972
18986
18989
19021
19052
19060
19097
19109
19112
19173
19189
19198
19201
19211
19246
19255
19258
19261
19305
19308
19311
19331
19363
19389
19413
19442
19453
19464
19535
19552
19557
19564
19575
19576
19579
19583
19592
19684
19690
19709
19712
19718
19724
19744
19777
19874
19881
19889
19892
19900
19907
19951
19979
20008
20020
20024
20037
20042
20085
20109
20112
20136
20137
20138
20157
20169
20195
20221
20229
20283
20301
20310
20361
20370
20407
20440
20456
20472
20504
20552
20559
20571
20586
20598
20613
20648
20681
20687
20707
20735
20745
20748
20754
20766
20769
20787
20805
20806
20807
20825
20836
20850
20893
20909
20911
20918
20943
20995
21000
21043
21065
21079
21087
21089
21108
21110
21117
21118
21132
21144
21178
21186
21213
21216
21230
21251
21258
21278
21328
21341
21358
21434
21466
21488
21505
21508
21528
21529
21542
21550
21607
21619
21659
21663
21668
21704
21714
21756
21764
21765
21777
21787
21789
21795
21800
21806
21836
21841
21845
21849
21857
21878
21885
21926
21927
21937
21955
21963
21980
21986
22019
22062
22067
22079
22098
22101
22104
22112
22140
22158
22182
22206
22209
22228
22231
22239
22246
22249
22255
22260
22277
22279
22286
22322
22359
22377
22425
22431
22448
22458
22459
22463
22467
22478
22520
22537
22551
22554
22569
22634
22642
22643
22680
22684
22692
22696
22703
22722
22756
22758
22768
22781
22814
22848
22856
22874
22944
22951
22954
22979
23017
23026
23039
23084
23095
23100
23102
23110
23115
23151
23166
23171
23179
23180
23187
23190
23196
23205
23222
23234
23261
23266
23277
23290
23298
23310
23324
23325
23327
23334
23335
23337
23376
23380
23461
23480
23490
23493
23525
23534
23567
23571
23596
23598
23624
23644
23668
23681
23686
23695
23709
23716
23752
23753
23763
23826
23838
23841
23861
23873
23877
23891
23897
23904
23924
23946
23961
23984
24007
24015
24031
24032
24062
24067
24088
24128
24133
24138
24160
24203
24212
24225
24237
24250
24257
24261
24310
24318
24320
24327
24331
24336
24346
24349
24353
24355
24366
24380
24381
24387
24393
24408
24410
24417
24427
24429
24440
24449
24452
24464
24477
24502
24512
24537
24566
24594
24605
24611
24612
24656
24663
24667
24668
24676
24687
24697
24710
24714
24717
24718
24724
24751
24782
24790
24820
24832
24833
24839
24858
24916
24919
24925
24927
24956
24964
24969
25000
25007
25015
25036
25045
25046
25064
25069
25079
25081
25082
25138
25151
25171
25174
25187
25190
25209
25210
25231
25236
25240
25253
25268
25281
25292
25300
25305
25310
25324
25338
25340
25370
25387
25437
25443
25482
25540
25543
25572
25592
25605
25606
25636
25665
25683
25695
25702
25711
25727
25732
25747
25755
25762
25764
25771
25773
25781
25797
25813
25814
25826
25828
25856
25861
25870
25880
25910
25949
25950
25964
25993
26002
26003
26016
26018
26020
26021
26060
26067
26088
26136
26155
26207
26220
26221
26224
26230
26246
26249
26257
26259
26275
26293
26301
26328
26358
26365
26392
26396
26401
26402
26408
26436
26439
26483
26494
26501
26509
26520
26526
26539
26555
26604
26626
26655
26704
26707
26708
26724
26730
26780
26861
26878
26900
26931
26947
26989
26991
27040
27058
27063
27071
27074
27082
27088
27092
27093
27108
27111
27139
27162
27174
27179
27198
27205
27212
27215
27218
27256
27309
27336
27340
27341
27347
27350
27376
27377
27386
27408
27418
27424
27427
27465
27479
27503
27506
27509
27517
27524
27526
27535
27538
27553
27554
27599
27609
27611
27634
27657
27674
27681
27723
27761
27783
27787
27791
27827
27869
27895
27911
27934
27943
27961
27962
27982
28059
28067
28077
28140
28165
28185
28187
28204
28222
28240
28270
28275
28307
28329
28330
28349
28367
28369
28383
28438
28442
28455
28523
28527
28529
28530
28535
28549
28551
28588
28612
28663
28666
28672
28673
28708
28730
28745
28758
28790
28796
28840
28852
28863
28891
28900
28924
28933
28958
28968
29024
29043
29069
29077
29083
29084
29090
29099
29118
29126
29195
29209
29241
29255
29269
29301
29306
29334
29368
29384
29388
29403
29431
29444
29449
29468
29517
29526
29537
29577
29603
29608
29609
29619
29622
29636
29645
29670
29671
29685
29711
29723
29725
29732
29737
29769
29770
29811
29888
29930
29931
29951
30042
30043
30061
30074
30075
30091
30138
30144
30158
30166
30201
30209
30214
30266
30316
30333
30364
30388
30395
30401
30426
30428
30437
30456
30462
30473
30488
30491
30515
30526
30539
30543
30577
30590
30591
30593
30598
30644
30649
30655
30663
30674
30690
30704
30706
30709
30733
30793
30794
30820
30831
30840
30864
30867
30869
30876
30879
30914
30925
30928
30941
30950
30951
30961
30995
31002
31005
31015
31032
31038
31065
31081
31098
31137
31163
31164
31181
31195
31212
31224
31227
31237
31267
31309
31325
31332
31345
31346
31351
31356
31373
31374
31402
31453
31454
31457
31486
31506
31531
31549
31551
31579
31593
31616
31621
31622
31653
31693
31699
31752
31776
31784
31821
31851
31852
31867
31876
31914
31932
31950
31967
31993
31996
32024
32029
32048
32069
32075
32079
32084
32091
32099
32103
32111
32112
32117
32137
32156
32181
32196
32200
32217
32220
32222
32273
32279
32283
32297
32314
32320
32339
32353
32385
32388
32400
32424
32435
32438
32457
32477
32508
32517
32570
32572
32574
32585
32589
32609
32644
32650
32658
32664
32677
32685
32708
32709
32715
32731
32744
32762
32792
32811
32816
32845
32848
32869
32887
32892
32952
32969
32986
32993
33008
33091
33140
33154
33170
33177
33191
33197
33201
33217
33222
33250
33254
33255
33270
33284
33287
33307
33323
33334
33340
33343
33379
33381
33383
33389
33406
33410
33411
33422
33427
33455
33470
33487
33498
33508
33513
33544
33562
33563
33564
33584
33603
33618
33628
33630
33635
33649
33665
33693
33704
33740
33743
33770
33786
33793
33820
33869
33892
33900
33934
33938
33956
33961
33964
33965
33969
33972
33976
33985
34000
34046
34073
34099
34112
34116
34120
34133
34154
34170
34179
34192
34197
34200
34203
34208
34209
34211
34217
34218
34219
34262
34263
34266
34325
34386
34391
34401
34445
34484
34546
34569
34581
34586
34617
34631
34632
34645
34696
34746
34773
34779
34794
34806
34817
34824
34825
34839
34841
34848
34858
34860
34862
34892
34898
34920
34933
34980
35012
35014
35033
35036
35079
35080
35086
35090
35107
35129
35144
35167
35193
35207
35263
35276
35290
35293
35320
35350
35374
35386
35391
35416
35417
35433
35439
35446
35449
35455
35470
35471
35490
35499
35503
35539
35543
35550
35564
35576
35607
35610
35613
35619
35645
35647
35666
35695
35722
35733
35735
35745
35760
35765
35823
35845
35862
35863
35877
35909
35916
35922
35924
35957
35960
35969
35993
35997
36013
36022
36035
36036
36048
36059
36067
36069
36079
36098
36099
36132
36164
36166
36186
36212
36237
36246
36247
36311
36340
36345
36364
36384
36395
36398
36401
36442
36470
36478
36483
36485
36499
36520
36530
36541
36546
36621
36633
36660
36682
36683
36725
36817
36825
36841
36843
36889
36892
36914
36965
36974
37009
37010
37059
37076
37094
37106
37134
37197
37198
37219
37224
37244
37263
37280
37307
37318
37322
37338
37364
37368
37400
37426
37454
37486
37513
37529
37560
37577
37614
37643
37645
37664
37729
37735
37740
37743
37750
37761
37780
37781
37795
37817
37818
37846
37848
37855
37861
37870
37920
37936
37942
37943
37952
37975
38055
38056
38058
38073
38087
38092
38095
38106
38123
38130
38137
38144
38170
38174
38177
38195
38203
38299
38313
38316
38353
38395
38407
38410
38416
38423
38424
38460
38461
38463
38479
38519
38550
38607
38626
38629
38630
38670
38678
38687
38694
38732
38771
38786
38800
38856
38931
38957
38965
38966
38982
38987
38993
39017
39046
39056
39074
39089
39097
39099
39133
39190
39193
39194
39195
39217
39230
39261
39276
39282
39290
39325
39328
39329
39332
39336
39337
39352
39381
39383
39390
39401
39409
39412
39418
39448
39449
39450
39458
39473
39479
39485
39486
39495
39498
39507
39518
39533
39552
39561
39562
39569
39590
39591
39594
39596
39598
39607
39610
39641
39653
39673
39696
39698
39717
39721
39740
39794
39795
39807
39817
39820
39835
39878
39887
39888
39897
39913
39914
39916
39931
39941
39948
39974
39994
40018
40044
40050
40079
40082
40090
40101
40130
40167
40208
40209
40222
40236
40239
40252
40275
40280
40283
40291
40297
40300
40311
40316
40342
40350
40356
40360
40377
40384
40386
40393
40399
40407
40414
40429
40441
40474
40476
40482
40483
40488
40523
40548
40553
40554
40563
40577
40585
40637
40638
40644
40673
40714
40738
40741
40755
40770
40790
40826
40852
40876
40909
40925
40927
40948
40968
40997
41006
41007
41030
41048
41066
41098
41114
41131
41177
41198
41199
41202
41257
41285
41288
41301
41340
41361
41371
41389
41404
41423
41457
41458
41460
41468
41487
41505
41517
41532
41616
41630
41639
41650
41651
41699
41702
41704
41706
41707
41729
41739
41744
41746
41787
41806
41811
41861
41862
41880
41911
41932
41937
42017
42023
42046
42116
42144
42159
42206
42216
42222
42225
42235
42240
42243
42249
42253
42286
42292
42298
42306
42313
42314
42399
42412
42424
42431
42433
42440
42455
42457
42511
42525
42533
42540
42574
42579
42583
42588
42626
42639
42644
42647
42652
42681
42685
42729
42730
42737
42746
42776
42792
42798
42803
42822
42842
42848
42857
42878
42888
42901
42904
42936
42941
42951
42955
42958
42978
42982
42992
42994
43003
43027
43036
43037
43038
43085
43091
43109
43115
43135
43139
43141
43171
43189
43214
43216
43231
43244
43279
43300
43301
43314
43315
43333
43342
43367
43376
43380
43388
43396
43426
43428
43433
43468
43479
43485
43496
43511
43512
43524
43539
43584
43593
43615
43630
43664
43666
43692
43721
43723
43743
43747
43748
43751
43753
43761
43764
43773
43781
43792
43794
43812
43822
43848
43862
43878
43891
43897
43898
43901
43916
43920
43951
43955
43974
44004
44034
44038
44042
44043
44069
44097
44107
44109
44180
44181
44185
44200
44204
44214
44228
44232
44236
44247
44254
44273
44284
44285
44295
44298
44304
44307
44309
44315
44324
44345
44355
44359
44413
44424
44429
44435
44440
44443
44453
44458
44460
44470
44479
44488
44493
44527
44550
44561
44565
44583
44587
44608
44625
44634
44640
44664
44699
44715
44723
44733
44740
44745
44768
44776
44788
44803
44804
44815
44843
44881
44889
44894
44910
44926
44938
44942
44949
44950
44958
44982
44998
44999
45000
45016
45026
45029
45068
45072
45114
45154
45180
45187
45189
45199
45201
45216
45218
45269
45274
45284
45329
45335
45339
45360
45392
45393
45394
45396
45414
45425
45430
45442
45468
45482
45502
45512
45516
45521
45528
45534
45536
45574
45581
45582
45586
45599
45661
45674
45680
45688
45700
45725
45726
45734
45736
45743
45769
45796
45837
45840
45858
45868
45871
45879
45905
45919
45932
45940
45946
45952
45968
45972
45973
45974
45977
45999
46002
46018
46019
46022
46035
46052
46078
46079
46088
46122
46134
46145
46168
46175
46225
46232
46239
46265
46272
46291
46306
46314
46347
46355
46367
46369
46397
46411
46424
46428
46442
46443
46459
46475
46498
46501
46504
46552
46564
46575
46587
46651
46657
46676
46678
46720
46732
46786
46803
46804
46805
46811
46823
46846
46851
46855
46868
46875
46877
46889
46890
46914
46963
46976
46989
46991
46992
47023
47058
47083
47084
47097
47106
47108
47116
47145
47153
47233
47260
47277
47302
47303
47336
47346
47356
47393
47430
47449
47480
47482
47504
47510
47520
47527
47537
47565
47579
47586
47625
47632
47639
47658
47668
47669
47671
47688
47693
47696
47714
47716
47727
47736
47797
47810
47826
47834
47846
47862
47866
47875
47892
47898
47911
47913
47925
47940
47975
48002
48012
48041
48053
48059
48085
48086
48088
48093
48105
48108
48118
48123
48131
48133
48142
48149
48162
48166
48172
48216
48238
48249
48257
48322
48343
48354
48355
48397
48406
48420
48429
48445
48457
48468
48479
48485
48507
48526
48533
48547
48561
48574
48618
48630
48635
48639
48641
48685
48721
48727
48731
48741
48759
48763
48772
48792
48800
48804
48806
48817
48854
48864
48870
48871
48886
48905
48940
48981
48995
48999
49011
49020
49052
49121
49154
49169
49177
49179
49186
49206
49230
49232
49281
49294
49315
49317
49332
49335
49336
49351
49367
49400
49436
49441
49442
49448
49450
49473
49485
49501
49520
49521
49525
49533
49540
49566
49602
49648
49659
49660
49668
49683
49716
49719
49758
49801
49842
49845
49861
49868
49869
49896
49905
49915
49961
49977
50018
50022
50031
50036
50038
50055
50100
50103
50104
50107
50113
50130
50163
50168
50183
50217
50223
50225
50227
50247
50251
50305
50313
50320
50345
50350
50360
50370
50377
50380
50423
50450
50451
50454
50463
50472
50475
50487
50518
50520
50524
50575
50578
50589
50602
50637
50645
50666
50676
50708
50709
50723
50733
50739
50747
50756
50766
50788
50820
50843
50855
50866
50874
50875
50902
50912
50953
50956
50961
50998
51030
51036
51055
51062
51068
51102
51126
51138
51145
51159
51160
51167
51171
51200
51215
51255
51260
51266
51269
51278
51288
51307
51311
51322
51329
51332
51347
51355
51363
51407
51416
51419
51472
51501
51506
51508
51533
51545
51558
51578
51580
51586
51599
51602
51615
51619
51662
51665
51690
51699
51728
51739
51747
51749
51780
51797
51802
51806
51820
51846
51864
51885
51908
51947
51962
51973
51996
52000
52010
52029
52051
52097
52105
52116
52122
52142
52143
52162
52171
52172
52212
52222
52223
52253
52255
52260
52281
52285
52319
52327
52328
52350
52355
52357
52363
52378
52379
52389
52393
52413
52452
52459
52473
52499
52517
52519
52551
52594
52617
52634
52671
52679
52720
52727
52734
52774
52796
52823
52847
52858
52884
52910
52913
52922
52926
52932
52938
52944
52945
53012
53034
53056
53059
53077
53093
53102
53132
53161
53165
53176
53209
53210
53214
53226
53234
53239
53272
53276
53323
53336
53338
53370
53395
53403
53405
53417
53421
53423
53436
53480
53481
53488
53497
53499
53534
53556
53562
53568
53587
53609
53618
53644
53665
53677
53699
53701
53709
53727
53741
53743
53761
53765
53777
53786
53793
53802
53880
53887
53891
53906
53928
53950
53960
53989
54018
54031
54040
54077
54080
54103
54118
54136
54143
54157
54162
54178
54180
54182
54201
54207
54224
54245
54268
54272
54279
54288
54295
54334
54335
54351
54355
54359
54360
54392
54402
54407
54410
54427
54441
54487
54514
54529
54577
54594
54603
54606
54609
54619
54658
54795
54797
54800
54821
54835
54842
54860
54887
54941
54953
54967
54971
54991
54995
55045
55055
55065
55067
55068
55080
55106
55115
55149
55153
55195
55215
55219
55225
55240
55241
55247
55258
55287
55288
55299
55322
55329
55356
55374
55380
55394
55411
55477
55486
55490
55499
55505
55517
55534
55540
55573
55574
55585
55597
55621
55659
55677
55692
55705
55746
55799
55812
55845
55882
55890
55908
55917
55944
55948
55972
55983
56025
56027
56034
56048
56049
56078
56084
56095
56102
56116
56159
56166
56179
56190
56198
56241
56269
56274
56280
56290
56313
56326
56329
56330
56344
56361
56372
56397
56401
56422
56429
56453
56473
56484
56515
56516
56522
56552
56599
56601
56617
56619
56620
56622
56641
56665
56667
56670
56740
56764
56768
56769
56775
56788
56809
56816
56822
56827
56840
56841
56860
56863
56878
56890
56895
56898
56901
56912
56952
56957
56961
56964
57004
57013
57044
57129
57134
57146
57152
57157
57178
57183
57202
57212
57245
57256
57269
57275
57292
57293
57323
57333
57422
57425
57432
57461
57465
57506
57513
57556
57560
57572
57578
57589
57624
57689
57731
57740
57776
57788
57796
57807
57845
57848
57851
57859
57860
57893
57910
57911
57915
57929
57953
57955
57973
57975
57979
57985
57994
57996
58056
58078
58101
58106
58112
58126
58129
58131
58195
58197
58208
58235
58254
58261
58270
58291
58298
58301
58309
58332
58346
58351
58381
58388
58399
58423
58456
58458
58460
58496
58497
58518
58520
58525
58528
58544
58551
58559
58579
58583
58614
58629
58647
58651
58660
58667
58670
58692
58707
58727
58756
58763
58791
58814
58837
58846
58858
58899
58902
58904
58906
58920
58962
58980
58982
59006
59017
59021
59028
59032
59042
59050
59054
59055
59071
59078
59080
59083
59093
59116
59123
59132
59190
59195
59199
59243
59251
59255
59272
59290
59301
59302
59307
59354
59379
59392
59413
59426
59478
59489
59540
59568
59606
59622
59630
59654
59661
59667
59683
59710
59719
59729
59731
59743
59780
59781
59782
59786
59801
59804
59815
59816
59822
59825
59826
59865
59868
59878
59896
59900
59914
59923
59938
59966
59980
59981
59990
59996
60034
60047
60088
60108
60150
60159
60197
60200
60201
60214
60223
60235
60277
60320
60334
60362
60367
60432
60445
60503
60525
60545
60552
60557
60577
60594
60620
60636
60643
60685
60692
60759
60782
60788
60798
60812
60818
60845
60850
60891
60895
60901
60906
60994
61034
61035
61037
61064
61079
61089
61091
61101
61146
61148
61149
61169
61204
61223
61269
61272
61369
61419
61439
61454
61493
61498
61512
61516
61549
61550
61584
61585
61595
61613
61622
61639
61646
61687
61715
61717
61726
61728
61738
61754
61764
61770
61827
61841
61852
61854
61870
61883
61884
61889
61898
61910
61955
61956
61968
61977
61983
61987
62018
62034
62039
62051
62054
62084
62091
62100
62102
62112
62116
62130
62188
62192
62201
62206
62237
62239
62287
62289
62291
62303
62308
62322
62342
62398
62416
62440
62539
62548
62555
62560
62584
62596
62616
62671
62686
62725
62744
62752
62766
62779
62821
62842
62847
62852
62880
62886
62888
62923
62931
62939
62946
62959
62978
63008
63021
63078
63091
63096
63111
63112
63136
63139
63141
63143
63155
63179
63182
63183
63204
63227
63229
63231
63237
63240
63244
63262
63263
63272
63301
63307
63324
63333
63334
63368
63376
63387
63400
63428
63430
63464
63469
63470
63481
63567
63587
63599
63627
63631
63632
63633
63640
63698
63705
63722
63723
63735
63756
63767
63789
63796
63816
63822
63830
63841
63844
63859
63863
63874
63882
63913
63916
63933
63948
63975
63979
63982
63992
63994
64030
64049
64071
64072
64082
64088
64094
64104
64116
64122
64215
64217
64232
64238
64240
64264
64304
64341
64388
64404
64405
64411
64442
64464
64480
64498
64504
64517
64520
64554
64560
64573
64624
64660
64684
64687
64721
64739
64762
64782
64791
64797
64802
64829
64833
64834
64858
64859
64873
64891
64902
64908
64928
64960
64986
65010
65023
65082
65119
65150
65175
65176
65183
65193
65204
65207
65249
65254
65258
65268
65288
65319
65343
65360
65381
65405
65463
65464
65491
65492
65518
65523
65541
65549
65559
65561
65589
65600
65607
65619
65637
65645
65661
65676
65679
65691
65719
65725
65747
65752
65769
65780
65781
65786
65800
65805
65844
65874
65911
65937
65955
65977
65983
66008
66042
66056
66062
66078
66090
66093
66095
66133
66151
66156
66195
66212
66216
66225
66239
66273
66285
66295
66311
66343
66388
66392
66410
66425
66426
66442
66457
66458
66465
66480
66483
66486
66492
66505
66514
66521
66523
66531
66557
66644
66701
66724
66727
66795
66817
66821
66823
66829
66838
66874
66890
66936
66958
66967
66984
66997
67007
67017
67019
67046
67056
67062
67067
67086
67093
67096
67128
67136
67140
67152
67178
67182
67186
67218
67242
67251
67308
67324
67370
67381
67401
67422
67438
67454
67468
67494
67506
67516
67558
67584
67612
67623
67633
67644
67669
67689
67725
67734
67745
67762
67775
67800
67819
67846
67871
67902
67951
67953
67959
67980
67981
67999
68001
68043
68069
68070
68071
68073
68080
68081
68084
68133
68141
68147
68170
68193
68205
68220
68222
68235
68237
68248
68251
68270
68295
68304
68310
68316
68322
68339
68346
68362
68373
68378
68384
68419
68447
68448
68485
68532
68534
68551
68561
68610
68616
68623
68641
68671
68694
68699
68717
68725
68771
68786
68789
68836
68841
68860
68884
68887
68906
68924
68944
68974
68976
69003
69012
69041
69050
69054
69066
69071
69078
69088
69117
69139
69140
69173
69175
69177
69196
69200
69206
69225
69229
69243
69255
69287
69289
69294
69295
69304
69328
69341
69344
69355
69356
69360
69379
69400
69405
69438
69442
69450
69476
69480
69495
69499
69513
69517
69541
69555
69591
69610
69628
69641
69651
69653
69663
69675
69684
69700
69711
69723
69737
69751
69790
69793
69819
69821
69852
69855
69891
69894
69907
69909
69917
69995
69998
70011
70021
70029
70034
70035
70054
70066
70086
70102
70111
70141
70191
70213
70242
70252
70264
70268
70269
70271
70293
70302
70327
70328
70340
70356
70376
70386
70422
70452
70462
70463
70513
70582
70584
70597
70643
70662
70694
70707
70712
70717
70728
70768
70813
70833
70836
70845
70861
70869
70898
70979
70985
71006
71022
71041
71094
71109
71112
71113
71133
71134
71154
71155
71157
71161
71193
71222
71293
71307
71346
71362
71379
71385
71413
71467
71471
71475
71488
71548
71552
71557
71608
71621
71635
71651
71668
71677
71686
71703
71708
71711
71728
71740
71762
71768
71782
71793
71810
71815
71820
71825
71828
71833
71840
71853
71856
71867
71876
71899
71920
71937
71946
71977
71990
72000
72007
72013
72050
72072
72087
72100
72105
72152
72164
72172
72179
72191
72197
72216
72221
72235
72236
72284
72294
72298
72299
72301
72329
72330
72368
72380
72412
72423
72427
72447
72463
72486
72489
72493
72504
72524
72527
72534
72541
72557
72585
72590
72591
72634
72639
72654
72659
72661
72662
72666
72681
72725
72736
72757
72762
72764
72768
72780
72819
72832
72833
72846
72851
72907
72918
72921
72940
72945
72966
72978
72984
72997
73011
73021
73023
73068
73105
73111
73135
73144
73150
73167
73192
73195
73202
73246
73248
73254
73255
73261
73268
73357
73389
73479
73490
73494
73503
73534
73545
73557
73569
73603
73609
73613
73614
73632
73655
73667
73674
73687
73702
73718
73761
73779
73793
73806
73807
73815
73820
73824
73828
73836
73841
73843
73846
73849
73892
73895
73897
73921
73924
73968
73970
74014
74016
74027
74040
74115
74116
74122
74125
74129
74149
74165
74185
74192
74211
74245
74268
74291
74308
74331
74336
74345
74362
74387
74408
74420
74422
74426
74438
74447
74468
74532
74539
74563
74570
74619
74629
74648
74691
74698
74750
74771
74784
74789
74808
74814
74817
74820
74821
74829
74843
74869
74876
74883
74893
74895
74919
74937
74942
74971
74984
75012
75028
75057
75065
75072
75091
75103
75117
75119
75130
75138
75151
75165
75185
75189
75202
75237
75252
75305
75311
75339
75362
75383
75396
75404
75406
75415
75419
75425
75427
75452
75454
75459
75483
75495
75504
75519
75548
75563
75580
75602
75617
75621
75632
75633
75663
75693
75713
75720
75768
75769
75790
75804
75814
75836
75837
75842
75849
75864
75883
75889
75906
75912
75915
75916
75924
75931
75953
75962
75971
75976
75978
76001
76003
76009
76027
76097
76113
76119
76127
76129
76143
76148
76177
76196
76250
76252
76276
76277
76297
76301
76371
76382
76385
76387
76390
76391
76396
76406
76429
76446
76455
76466
76468
76470
76474
76478
76479
76499
76501
76535
76536
76563
76566
76571
76586
76646
76648
76667
76669
76690
76714
76743
76769
76811
76816
76824
76835
76837
76841
76862
76884
76917
76924
76954
76962
76985
76988
77002
77006
77030
77051
77083
77086
77090
77107
77116
77121
77137
77138
77139
77140
77142
77147
77162
77187
77188
77221
77229
77236
77269
77291
77303
77309
77320
77352
77370
77390
77393
77444
77448
77454
77475
77486
77491
77509
77520
77529
77530
77542
77559
77574
77581
77608
77618
77623
77627
77633
77652
77665
77671
77714
77744
77783
77794
77807
77817
77827
77837
77840
77884
77904
77918
77923
77927
77967
77975
77990
77991
77992
77994
77998
77999
78017
78024
78041
78051
78063
78077
78086
78097
78102
78133
78146
78150
78152
78163
78217
78268
78272
78284
78301
78360
78361
78374
78392
78394
78397
78403
78416
78420
78426
78445
78446
78451
78475
78485
78496
78523
78562
78568
78582
78593
78597
78602
78609
78615
78621
78637
78658
78676
78701
78714
78725
78749
78800
78809
78825
78842
78881
78898
78910
78928
78929
78937
78943
78956
78957
79003
79005
79010
79019
79027
79033
79080
79088
79091
79092
79116
79169
79173
79198
79212
79229
79241
79274
79287
79312
79317
79333
79336
79350
79356
79363
79374
79380
79386
79396
79399
79400
79413
79419
79426
79436
79441
79492
79499
79513
79514
79520
79526
79533
79548
79562
79607
79610
79614
79628
79657
79668
79669
79689
79690
79702
79713
79723
79774
79812
79818
79845
79873
79882
79896
79926
79936
79960
79975
79982
79992
80002
80017
80022
80034
80167
80170
80199
80234
80238
80260
80261
80270
80299
80307
80309
80324
80331
80341
80349
80351
80392
80399
80421
80437
80438
80442
80448
80465
80473
80490
80504
80505
80511
80520
80527
80540
80594
80595
80625
80633
80641
80649
80656
80667
80690
80710
80719
80725
80762
80764
80776
80799
80842
80872
80879
80883
80925
80927
80934
80939
80954
80957
81001
81003
81021
81048
81056
81066
81101
81206
81225
81227
81240
81242
81248
81281
81287
81292
81308
81311
81351
81353
81355
81368
81386
81413
81422
81435
81492
81494
81502
81504
81519
81554
81558
81589
81598
81606
81619
81630
81644
81657
81678
81689
81716
81728
81758
81799
81803
81810
81836
81841
81854
81866
81869
81871
81901
81919
81933
81939
81958
81964
81979
81992
82000
82009
82023
82068
82079
82102
82144
82190
82193
82196
82220
82251
82275
82321
82347
82350
82416
82418
82448
82453
82460
82471
82473
82479
82488
82490
82510
82533
82536
82538
82600
82609
82627
82654
82662
82680
82714
82717
82752
82766
82792
82806
82815
82865
82874
82876
82878
82898
82909
82918
82925
82930
82936
82943
82944
82951
82962
82976
83015
83024
83034
83038
83049
83051
83066
83101
83131
83138
83150
83155
83164
83173
83193
83203
83216
83231
83246
83257
83260
83268
83269
83342
83350
83353
83360
83371
83403
83406
83409
83413
83429
83434
83435
83447
83460
83474
83481
83486
83487
83530
83545
83565
83587
83598
83608
83631
83634
83642
83686
83687
83690
83693
83710
83716
83718
83723
83729
83730
83733
83786
83787
83834
83878
83885
83936
83964
83968
84000
84001
84010
84019
84065
84082
84090
84102
84103
84108
84137
84138
84144
84147
84186
84188
84211
84215
84228
84229
84274
84278
84289
84290
84293
84298
84303
84306
84312
84336
84344
84348
84365
84402
84405
84429
84437
84440
84462
84465
84482
84485
84508
84545
84561
84567
84573
84584
84605
84621
84645
84653
84715
84723
84728
84736
84755
84760
84762
84788
84789
84792
84798
84806
84811
84834
84859
84879
84888
84900
84911
84962
84966
84975
85004
85006
85017
85038
85045
85049
85054
85069
85083
85093
85096
85112
85118
85124
85133
85136
85139
85159
85176
85185
85187
85207
85211
85213
85225
85230
85263
85277
85283
85318
85327
85351
85353
85360
85369
85371
85387
85389
85424
85467
85489
85496
85545
85558
85576
85581
85583
85622
85629
85637
85670
85681
85685
85705
85732
85741
85745
85763
85764
85765
85770
85775
85782
85799
85804
85812
85815
85818
85833
85836
85902
85931
85940
85944
85969
85976
86011
86043
86065
86095
86106
86149
86221
86227
86247
86278
86282
86298
86344
86348
86356
86368
86369
86396
86412
86424
86482
86500
86523
86541
86542
86548
86550
86556
86570
86589
86610
86615
86632
86638
86641
86647
86652
86681
86721
86729
86733
86747
86756
86762
86781
86813
86815
86828
86858
86861
86865
86873
86880
86888
86917
86921
86928
86946
86996
87030
87061
87070
87124
87139
87152
87157
87160
87166
87169
87171
87175
87207
87218
87297
87309
87313
87323
87324
87325
87345
87377
87405
87407
87417
87427
87482
87485
87499
87508
87530
87531
87533
87535
87544
87546
87574
87586
87594
87611
87613
87634
87638
87644
87662
87665
87682
87686
87691
87700
87708
87718
87748
87753
87769
87770
87775
87781
87800
87801
87802
87817
87823
87857
87873
87877
87879
87892
87907
87914
87920
87930
87945
87957
87960
87965
87970
87978
88001
88007
88047
88057
88069
88072
88078
88098
88103
88105
88155
88169
88195
88203
88247
88257
88265
88267
88284
88311
88315
88327
88330
88333
88354
88358
88370
88372
88375
88379
88381
88385
88399
88404
88426
88431
88445
88451
88473
88514
88538
88540
88547
88552
88554
88555
88571
88576
88585
88589
88598
88601
88603
88627
88629
88645
88656
88667
88691
88703
88713
88726
88728
88737
88762
88773
88841
88859
88920
88935
88937
88938
88959
88965
88975
88989
89020
89023
89030
89036
89038
89041
89044
89096
89113
89114
89116
89122
89139
89163
89170
89183
89190
89199
89207
89209
89210
89223
89233
89234
89236
89237
89240
89252
89264
89269
89300
89301
89302
89332
89333
89351
89393
89399
89430
89458
89459
89489
89498
89524
89530
89541
89603
89612
89621
89655
89658
89674
89675
89682
89710
89746
89766
89787
89809
89816
89835
89846
89847
89863
89898
89912
89934
89947
89989
89999
90019
90025
90033
90042
90075
90087
90089
90109
90112
90120
90141
90153
90156
90165
90171
90187
90189
90208
90225
90239
90242
90245
90269
90283
90284
90287
90288
90302
90399
90412
90431
90435
90445
90470
90479
90483
90519
90549
90554
90574
90608
90621
90625
90629
90640
90664
90706
90713
90724
90743
90746
90748
90763
90766
90771
90779
90787
90789
90807
90825
90867
90898
90918
90928
90981
90996
91008
91035
91043
91054
91056
91070
91075
91114
91153
91159
91162
91192
91218
91232
91272
91330
91346
91350
91352
91362
91380
91392
91399
91400
91411
91416
91418
91436
91468
91476
91491
91524
91526
91529
91539
91600
91607
91629
91680
91717
91732
91754
91802
91816
91826
91832
91858
91864
91868
91915
91919
91926
91928
91967
91990
91996
92005
92012
92023
92027
92031
92039
92060
92062
92100
92135
92153
92163
92172
92178
92179
92239
92251
92254
92258
92267
92284
92310
92314
92317
92321
92322
92332
92363
92373
92392
92394
92410
92414
92434
92463
92474
92475
92477
92526
92552
92556
92565
92585
92587
92600
92631
92703
92712
92717
92726
92750
92761
92800
92831
92833
92848
92875
92891
92892
92926
92927
92929
92952
92979
93013
93017
93038
93048
93068
93069
93071
93072
93108
93119
93124
93144
93184
93188
93196
93213
93236
93241
93330
93343
93360
93379
93392
93424
93425
93436
93441
93461
93466
93472
93482
93490
93500
93503
93513
93514
93515
93521
93530
93534
93536
93539
93569
93596
93625
93626
93635
93637
93649
93656
93661
93721
93747
93772
93787
93790
93798
93822
93825
93841
93855
93859
93874
93876
93887
93943
93954
93959
93960
93970
93977
93997
94000
94013
94020
94038
94070
94087
94107
94155
94159
94173
94196
94198
94222
94223
94230
94231
94252
94279
94309
94336
94350
94363
94377
94387
94398
94418
94426
94449
94454
94462
94520
94540
94570
94583
94590
94593
94623
94627
94654
94658
94679
94683
94688
94700
94720
94727
94745
94758
94760
94763
94771
94794
94823
94855
94866
94884
94885
94892
94905
94908
94922
94924
94938
94966
94975
94980
94983
94985
94995
95007
95032
95065
95069
95079
95116
95122
95153
95192
95195
95197
95203
95214
95250
95273
95281
95301
95313
95315
95338
95343
95356
95368
95373
95374
95389
95390
95404
95414
95441
95442
95455
95470
95478
95491
95517
95521
95522
95549
95589
95593
95612
95625
95628
95631
95646
95648
95662
95663
95679
95695
95719
95722
95729
95759
95796
95801
95820
95827
95833
95834
95865
95869
95925
95959
95968
95983
96002
96019
96025
96037
96083
96090
96092
96093
96107
96171
96180
96184
96193
96217
96230
96268
96287
96314
96319
96328
96333
96335
96336
96339
96354
96376
96398
96409
96416
96446
96448
96471
96487
96570
96574
96601
96603
96606
96622
96636
96641
96660
96672
96719
96724
96727
96745
96746
96790
96796
96803
96858
96912
96915
96934
96955
97001
97041
97065
97083
97092
97101
97145
97149
97162
97172
97185
97222
97240
97294
97301
97307
97352
97356
97364
97375
97383
97411
97429
97433
97440
97461
97473
97489
97496
97498
97524
97543
97547
97548
97550
97564
97578
97613
97622
97632
97639
97642
97683
97706
97719
97723
97744
97745
97751
97766
97772
97792
97809
97886
97900
97905
97922
97926
97949
97984
98014
98017
98055
98072
98102
98103
98104
98110
98140
98180
98196
98216
98227
98244
98253
98255
98262
98272
98273
98295
98301
98315
98320
98321
98340
98345
98347
98356
98369
98390
98397
98402
98406
98453
98457
98458
98460
98471
98487
98506
98518
98535
98556
98573
98578
98594
98600
98645
98695
98700
98715
98727
98732
98734
98739
98753
98756
98763
98825
98826
98830
98837
98862
98872
98874
98911
98916
98919
98924
98953
98967
98970
99029
99076
99085
99102
99103
99117
99122
99151
99158
99159
99162
99191
99192
99204
99209
99211
99227
99251
99264
99268
99283
99286
99307
99316
99324
99344
99348
99367
99376
99388
99411
99416
99417
99418
99430
99463
99497
99499
99504
99521
99556
99561
99579
99585
99604
99644
99679
99680
99681
99685
99688
99689
99692
99694
99703
99717
99732
99749
99759
99803
99813
99837
99852
99860
99862
99875
99896
99904
99933
99935
99949
99951
99954
99956
99959
99966
100018
100045
100058
100069
100079
100084
100087
100097
100127
100132
100146
100155
100177
100182
100183
100203
100206
100263
100268
100288
100295
100298
100324
100326
100341
100365
100397
100405
100420
100429
100445
100453
100456
100466
100494
100496
100507
100508
100510
100513
100515
100540
100547
100552
100558
100580
100583
100620
100663
100702
100755
100759
100760
100782
100789
100823
100846
100847
100852
100874
100881
100901
100914
100920
100970
100997
100999
101012
101026
101027
101046
101048
101050
101062
101084
101131
101143
101150
101159
101160
101213
101231
101236
101239
101291
101292
101299
101308
101313
101314
101315
101319
101353
101378
101390
101399
101407
101420
101429
101443
101447
101454
101456
101465
101493
101509
101574
101587
101595
101649
101671
101691
101706
101710
101712
101763
101779
101788
101794
101798
101816
101873
101896
101900
101920
101928
101949
101950
101951
101962
101963
101995
102002
102059
102061
102066
102080
102113
102114
102144
102183
102206
102232
102241
102283
102293
102295
102306
102321
102354
102364
102380
102386
102390
102393
102396
102398
102439
102444
102464
102468
102489
102490
102515
102518
102523
102529
102555
102570
102579
102584
102589
102604
102632
102633
102648
102650
102682
102690
102702
102705
102712
102718
102723
102731
102782
102827
102835
102836
102876
102877
102881
102905
102921
102957
102962
102965
102979
102990
103000
103059
103074
103103
103137
103139
103216
103222
103230
103232
103249
103260
103272
103301
103318
103350
103361
103381
103390
103394
103395
103399
103407
103438
103454
103466
103475
103517
103530
103542
103584
103604
103619
103630
103641
103658
103678
103689
103699
103700
103706
103731
103758
103765
103767
103775
103779
103782
103803
103809
103810
103813
103824
103855
103892
103909
103930
103959
103976
103981
103988
103998
104007
104021
104022
104028
104032
104033
104040
104066
104093
104107
104110
104113
104117
104134
104158
104162
104206
104210
104213
104223
104239
104250
104275
104287
104304
104310
104311
104349
104352
104370
104371
104379
104390
104414
104416
104469
104502
104514
104526
104533
104537
104570
104581
104582
104589
104591
104596
104604
104614
104619
104622
104642
104657
104662
104673
104687
104702
104710
104716
104724
104735
104748
104832
104833
104835
104836
104837
104844
104853
104865
104875
104882
104932
104935
104960
104984
104990
105027
105041
105044
105051
105058
105072
105073
105112
105117
105123
105146
105162
105187
105190
105274
105279
105284
105289
105295
105300
105319
105324
105349
105357
105390
105421
105428
105429
105442
105446
105467
105500
105519
105522
105527
105532
105547
105577
105579
105584
105594
105617
105625
105630
105634
105655
105672
105682
105692
105700
105711
105713
105756
105777
105780
105798
105824
105842
105862
105870
105882
105913
105938
105977
106016
106038
106048
106053
106070
106074
106083
106101
106114
106174
106178
106181
106191
106251
106263
106271
106294
106297
106303
106312
106340
106344
106383
106387
106395
106399
106411
106434
106439
106450
106456
106459
106476
106478
106514
106519
106539
106596
106607
106621
106659
106661
106748
106750
106762
106774
106810
106819
106828
106838
106864
106878
106883
106886
106903
106920
106923
106960
106966
106969
106998
107003
107004
107044
107061
107065
107080
107100
107107
107128
107141
107206
107211
107212
107241
107253
107256
107284
107302
107310
107320
107322
107332
107342
107356
107357
107365
107426
107436
107454
107459
107470
107493
107550
107554
107588
107594
107611
107623
107629
107652
107658
107678
107699
107746
107748
107779
107802
107843
107847
107850
107851
107862
107867
107874
107888
107893
107896
107915
107925
107934
107946
107949
107961
108044
108069
108072
108075
108088
108101
108126
108127
108161
108225
108226
108228
108229
108230
108255
108270
108294
108301
108319
108332
108344
108371
108406
108409
108442
108448
108460
108519
108579
108583
108586
108651
108661
108670
108675
108711
108732
108753
108783
108797
108837
108845
108856
108888
108892
108893
108895
108917
108932
108948
108949
108983
109015
109024
109043
109075
109076
109078
109085
109097
109099
109180
109183
109186
109187
109254
109283
109340
109344
109345
109360
109377
109383
109396
109409
109443
109462
109475
109480
109501
109505
109532
109552
109561
109595
109671
109673
109702
109736
109745
109753
109784
109785
109786
109810
109815
109819
109840
109846
109861
109919
109965
109986
110029
110051
110062
110068
110078
110088
110113
110114
110129
110145
110197
110252
110254
110266
110274
110276
110310
110329
110344
110405
110425
110438
110470
110473
110477
110490
110507
110513
110536
110539
110583
110605
110640
110666
110685
110705
110707
110709
110720
110760
110768
110778
110790
110797
110799
110808
110815
110825
110832
110842
110856
110875
110897
110900
110909
110911
110929
110933
110952
110960
111025
111066
111067
111076
111099
111113
111115
111126
111131
111164
111172
111181
111184
111231
111243
111249
111319
111325
111330
111333
111337
111392
111408
111416
111445
111460
111500
111508
111513
111516
111547
111588
111608
111618
111636
111639
111643
111663
111672
111680
111682
111686
111713
111724
111733
111756
111786
111804
111824
111834
111870
111882
111900
111921
111924
111928
111947
111958
112006
112008
112013
112043
112063
112083
112098
112105
112117
112121
112153
112168
112209
112230
112241
112293
112317
112331
112348
112353
112354
112360
112379
112458
112459
112477
112492
112502
112504
112549
112553
112559
112602
112618
112621
112670
112676
112683
112702
112717
112722
112723
112725
112729
112737
112805
112815
112836
112864
112865
112880
112898
112901
112908
112936
112948
112956
112972
113006
113039
113045
113052
113096
113133
113138
113180
113193
113213
113220
113225
113228
113280
113282
113299
113311
113323
113386
113403
113411
113413
113437
113450
113486
113517
113521
113524
113528
113537
113559
113563
113564
113581
113597
113614
113621
113639
113642
113648
113654
113662
113701
113703
113733
113760
113768
113769
113784
113802
113809
113831
113833
113837
113873
113879
113901
113948
113969
113984
113985
113987
114014
114039
114055
114063
114085
114092
114127
114167
114180
114187
114214
114219
114241
114298
114323
114346
114351
114355
114374
114398
114406
114413
114420
114440
114463
114501
114528
114536
114543
114551
114582
114584
114601
114607
114629
114631
114640
114652
114766
114791
114801
114808
114813
114818
114820
114830
114839
114845
114857
114867
114885
114911
114914
114929
114973
115002
115006
115012
115028
115037
115039
115045
115067
115081
115086
115088
115114
115131
115193
115202
115267
115268
115272
115273
115284
115290
115297
115305
115306
115307
115319
115369
115394
115417
115458
115466
115472
115495
115518
115544
115550
115552
115594
115625
115636
115641
115698
115709
115733
115735
115801
115810
115815
115822
115825
115831
115848
115863
115872
115888
115891
115900
115939
115994
115999
116046
116055
116056
116065
116081
116091
116139
116153
116154
116180
116243
116263
116277
116279
116300
116305
116329
116385
116398
116407
116436
116475
116490
116512
116528
116533
116539
116600
116609
116610
116658
116662
116663
116737
116748
116765
116767
116774
116785
116787
116814
116823
116826
116838
116863
116874
116878
116880
116884
116926
116945
116961
116962
116971
116975
116994
116995
117017
117063
117081
117085
117107
117111
117123
117130
117164
117169
117175
117189
117193
117194
117215
117218
117227
117237
117240
117251
117262
117269
117275
117278
117290
117293
117298
117316
117321
117326
117328
117332
117354
117365
117368
117386
117403
117405
117430
117470
117478
117504
117537
117565
117570
117581
117598
117608
117630
117637
117646
117659
117670
117673
117676
117680
117687
117695
117714
117717
117749
117760
117805
117809
117812
117838
117844
117860
117866
117875
117902
117935
117951
117971
118007
118020
118022
118025
118031
118039
118061
118124
118177
118199
118204
118221
118243
118257
118275
118281
118282
118293
118294
