3.940000000000000000e+02 3.930000000000000000e+02
6.770000000000000000e+02 6.740000000000000000e+02
7.460000000000000000e+02 7.430000000000000000e+02
1.242000000000000000e+03 1.239000000000000000e+03
1.768000000000000000e+03 1.763000000000000000e+03
2.762000000000000000e+03 2.755000000000000000e+03
2.941000000000000000e+03 2.934000000000000000e+03
3.419000000000000000e+03 3.411000000000000000e+03
5.447000000000000000e+03 5.435000000000000000e+03
5.496000000000000000e+03 5.484000000000000000e+03
7.588000000000000000e+03 7.573000000000000000e+03
7.916000000000000000e+03 7.900000000000000000e+03
8.903000000000000000e+03 8.883000000000000000e+03
9.640000000000000000e+03 9.617000000000000000e+03
9.884000000000000000e+03 9.860000000000000000e+03
1.154200000000000000e+04 1.151400000000000000e+04
1.176700000000000000e+04 1.173800000000000000e+04
1.270900000000000000e+04 1.267500000000000000e+04
1.413500000000000000e+04 1.410000000000000000e+04
1.452400000000000000e+04 1.448700000000000000e+04
1.457600000000000000e+04 1.453900000000000000e+04
1.586300000000000000e+04 1.582200000000000000e+04
1.613400000000000000e+04 1.609300000000000000e+04
2.142100000000000000e+04 2.136600000000000000e+04
2.460800000000000000e+04 2.454600000000000000e+04
2.533600000000000000e+04 2.527000000000000000e+04
2.542800000000000000e+04 2.536100000000000000e+04
2.631100000000000000e+04 2.624300000000000000e+04
2.672700000000000000e+04 2.665900000000000000e+04
2.798900000000000000e+04 2.791600000000000000e+04
2.836000000000000000e+04 2.828500000000000000e+04
2.931600000000000000e+04 2.923900000000000000e+04
2.981000000000000000e+04 2.973300000000000000e+04
3.032400000000000000e+04 3.024700000000000000e+04
3.043800000000000000e+04 3.036100000000000000e+04
3.092000000000000000e+04 3.084300000000000000e+04
3.168100000000000000e+04 3.159600000000000000e+04
3.405200000000000000e+04 3.395700000000000000e+04
3.410400000000000000e+04 3.400900000000000000e+04
3.444400000000000000e+04 3.434700000000000000e+04
3.529600000000000000e+04 3.519200000000000000e+04
3.727900000000000000e+04 3.716500000000000000e+04
3.782600000000000000e+04 3.771000000000000000e+04
3.940200000000000000e+04 3.927900000000000000e+04
3.995300000000000000e+04 3.982800000000000000e+04
4.103700000000000000e+04 4.090900000000000000e+04
4.155400000000000000e+04 4.142300000000000000e+04
4.291300000000000000e+04 4.278100000000000000e+04
4.376600000000000000e+04 4.362900000000000000e+04
4.481600000000000000e+04 4.467500000000000000e+04
4.495500000000000000e+04 4.481400000000000000e+04
4.517000000000000000e+04 4.502700000000000000e+04
4.523800000000000000e+04 4.509300000000000000e+04
4.559300000000000000e+04 4.544800000000000000e+04
4.561700000000000000e+04 4.547200000000000000e+04
4.639000000000000000e+04 4.624400000000000000e+04
4.670600000000000000e+04 4.655900000000000000e+04
4.966900000000000000e+04 4.951200000000000000e+04
4.996900000000000000e+04 4.981200000000000000e+04
5.058300000000000000e+04 5.042400000000000000e+04
5.069600000000000000e+04 5.053600000000000000e+04
5.193300000000000000e+04 5.176800000000000000e+04
5.406100000000000000e+04 5.388900000000000000e+04
5.480300000000000000e+04 5.462700000000000000e+04
5.598700000000000000e+04 5.580500000000000000e+04
5.763200000000000000e+04 5.744300000000000000e+04
5.975000000000000000e+04 5.955200000000000000e+04
5.980300000000000000e+04 5.960500000000000000e+04
6.071800000000000000e+04 6.051400000000000000e+04
6.108400000000000000e+04 6.087700000000000000e+04
6.149500000000000000e+04 6.128600000000000000e+04
6.243400000000000000e+04 6.222300000000000000e+04
6.255600000000000000e+04 6.234500000000000000e+04
6.424100000000000000e+04 6.402100000000000000e+04
6.547400000000000000e+04 6.525300000000000000e+04
6.598200000000000000e+04 6.575800000000000000e+04
6.665700000000000000e+04 6.643100000000000000e+04
6.759300000000000000e+04 6.736300000000000000e+04
6.762000000000000000e+04 6.738900000000000000e+04
6.780800000000000000e+04 6.757700000000000000e+04
6.800200000000000000e+04 6.776900000000000000e+04
6.870200000000000000e+04 6.846600000000000000e+04
6.893300000000000000e+04 6.869600000000000000e+04
6.967300000000000000e+04 6.943400000000000000e+04
6.996200000000000000e+04 6.972200000000000000e+04
7.135200000000000000e+04 7.110900000000000000e+04
7.146900000000000000e+04 7.122600000000000000e+04
7.168100000000000000e+04 7.143800000000000000e+04
7.168300000000000000e+04 7.144000000000000000e+04
7.250900000000000000e+04 7.226600000000000000e+04
7.260700000000000000e+04 7.236300000000000000e+04
7.318200000000000000e+04 7.293700000000000000e+04
7.525500000000000000e+04 7.500800000000000000e+04
7.734900000000000000e+04 7.709500000000000000e+04
7.840100000000000000e+04 7.814700000000000000e+04
7.886400000000000000e+04 7.860500000000000000e+04
8.034600000000000000e+04 8.008500000000000000e+04
8.076300000000000000e+04 8.050000000000000000e+04
8.169300000000000000e+04 8.142500000000000000e+04
8.227300000000000000e+04 8.200300000000000000e+04
8.239600000000000000e+04 8.212600000000000000e+04
8.281700000000000000e+04 8.254600000000000000e+04
8.412300000000000000e+04 8.384500000000000000e+04
8.414000000000000000e+04 8.386200000000000000e+04
8.442500000000000000e+04 8.414700000000000000e+04
8.470900000000000000e+04 8.443100000000000000e+04
8.569600000000000000e+04 8.541600000000000000e+04
8.592700000000000000e+04 8.564500000000000000e+04
8.622800000000000000e+04 8.594500000000000000e+04
8.783300000000000000e+04 8.754100000000000000e+04
8.801000000000000000e+04 8.771800000000000000e+04
8.993700000000000000e+04 8.963800000000000000e+04
9.018500000000000000e+04 8.988500000000000000e+04
9.126200000000000000e+04 9.095800000000000000e+04
9.220700000000000000e+04 9.189900000000000000e+04
9.285500000000000000e+04 9.254300000000000000e+04
9.434900000000000000e+04 9.403300000000000000e+04
9.473900000000000000e+04 9.442300000000000000e+04
9.753000000000000000e+04 9.719900000000000000e+04
9.764900000000000000e+04 9.731700000000000000e+04
9.841600000000000000e+04 9.808400000000000000e+04
1.007510000000000000e+05 1.004020000000000000e+05
1.019550000000000000e+05 1.016030000000000000e+05
1.020980000000000000e+05 1.017440000000000000e+05
1.024880000000000000e+05 1.021340000000000000e+05
1.040780000000000000e+05 1.037200000000000000e+05
1.048870000000000000e+05 1.045250000000000000e+05
1.062550000000000000e+05 1.058890000000000000e+05
1.073150000000000000e+05 1.069480000000000000e+05
1.075220000000000000e+05 1.071550000000000000e+05
1.087520000000000000e+05 1.083830000000000000e+05
1.108930000000000000e+05 1.105230000000000000e+05
1.115840000000000000e+05 1.112100000000000000e+05
1.117660000000000000e+05 1.113910000000000000e+05
1.121220000000000000e+05 1.117440000000000000e+05
1.133680000000000000e+05 1.129840000000000000e+05
1.134450000000000000e+05 1.130610000000000000e+05
1.138810000000000000e+05 1.134970000000000000e+05
1.141100000000000000e+05 1.137250000000000000e+05
1.141760000000000000e+05 1.137900000000000000e+05
1.147030000000000000e+05 1.143160000000000000e+05
1.149620000000000000e+05 1.145750000000000000e+05
1.182120000000000000e+05 1.178190000000000000e+05
